YAM-3                   
1 48915U 21059AN  25273.39799606  .00021502  00000+0  53256-3 0  9995
2 48915  97.6946  79.9422 0005693 202.9243 157.1749 15.40424962236886
YAM-5                   
1 55076U 23001BV  25273.05878438  .00019348  00000+0  63284-3 0  9991
2 55076  97.3600 332.1834 0009136 329.9205  30.1511 15.31706899152191
YAM-6                   
1 59126U 24043AE  25273.29740426  .00019884  00000+0  66605-3 0  9994
2 59126  97.5248  43.8803 0010625  76.5169 283.7255 15.30919637 87465
YAM-7                   
1 60504U 24149AN  25273.21433869  .00016597  00000+0  63032-3 0  9994
2 60504  97.4032 350.0370 0004989 126.7352 233.4345 15.26882520 62311
YAM-8                   
1 63254U 25052AW  25273.47560039  .00016840  00000+0  10862-2 0  9994
2 63254  97.7113 168.3587 0003000  31.3174 328.8232 15.08361741 30063
YAM-10                  
1 64580U 25135BE  25273.60103231  .00007777  00000+0  77020-3 0  9990
2 64580  97.7539  26.3369 0004566 126.5407 233.6233 14.92097564 15151
HAMMER                  
1 59148U 24043BC  25273.65614366  .00128910  00000+0  33627-2 0  9999
2 59148  97.5207  48.0641 0008423  39.0473 321.1378 15.38286232 87757